9336343754
8174065320
6306576932
7394095613
7052993628
7232910558
9454382403
9628573751
7355900384
6306293702
7309758135
6306758561
8400630070
9250319646
9919335445
9580133593
9336343754
9336343754
9555934706
9140408598
8737871778
9799524351
8756290651
9670890584
8052707939
9266371641
9621975615
8090857058
9250606798
9598636579
9721030994
7408972069
9598571025
7234919766
9219889752
9721501857
7317042847
9794565880
9305743771
9598348225
9918260316
9335192045
8917763896
7294036398
8175805436
7991758712
8957540976
8808327890
6388558731
8009415228
6307716505
6388144542
6387530837
8090264538
8840111215
9336540045
8601941624
7307556955
7080340623
9236552646
9580569960
9721916225
7897850923
9118909853
7755839292
8114016345
9335310231
9026886757
6306594089
7317382446
9517336446
9250277181
9682939153
8765653459
9161385116
9214808023
8576829976
7317039704
7317418936
9919181567
9598616574
7080344865
8400638602
9792651725
9670923074
9721324758
7752802887
8052348713
6388926907
8052875886
9721286313
9839293216
9792442755
8052452358
9721789719
9721718639
8175887746
7985982819
8810741304
8009561903
9721646335
9453848151
6388368138
9670261603
9170060760
9721072918
9555423019
7380900530
8052213356
6307296052
9517629901
8874946346
9721143866
9721844349
7080741616
8052757298
9721143930
9793245569
7052731378
9839284754
9559493825
9721716467
9918726145
7275774064
9559623091
8881952101
9935793315
8052396794
6386107018
9415802637
9250479919
7380900530
8052010226
9068178712
7880418431
8726948683
9151685068
7880427942
9214380736
9554207734
7317043267
9839147340
9565922216
6306861468
7275083278
9670914127
8960685250
7522063982
7081159274
9026444322
8953618478
8433396305
7317044587
8176070396
6392467647
7348575118
8881952415
8052817628
7317422058
8738869420
9984145528
9792767417
9118126058
8076946879
8052818524
9250846522
8127660931
9721843005
7081159284
9519967852
8009344718
8853720138
9118192868
9616596589
9648597148
7081143845
7080493467
8052048435
8182870588
8416895360
9695531002
9721150244
6230458054
6307887518
7052088941
7052476490
7317248910
7388760619
7518282707
7704807317
8052106983
8052178096
8052189102
8052256748
8052473969
8052618981
8052746341
8052911284
8417068482
8419885003
8572964821
8917087317
9236440356
9277172539
9616596589
9628532562
9648209391
9670737158
9695441961
9721156208
7232958648
8957848450
8950934723
7052467141
7052254219
9918016529
9919796595
9305878068
9369239687
9369942499
9235013055
9277337633
8858592243
7355954572
9236886781
9161189441
9214820701
7266834300
9235874759
9161189441
6307180184
7081143253
7081143253
8528419630
9721063568
7905707117
9580488615
9026090528
8869956170
8840322697
9140559834
9651049021
6391272536
8081846055
7379603816
7052076787
8176970696
8299451131
9956986698
6307588799
9336898745
8528440144
8917806588
9519239030
7991985253
7607418901
7905548257
9621085502
9792046751
7408734954
8874860406
8933024764
6388504511
7007869146
9984765569
9918502687
9250294336
6306416044
9335036060
7570842124
9554776766
9580886456
7408531569
8112741589
9260928188
8948745277
9450613897
8542089353
9628967487
9559492686
9453795196
9984657644
6392525871
8572960149
7355742056
7607757556
9598425488
7275993359
7355774711
9795338820
9580716436
8957500871
8052683011
6387301699
6390288158
7317032259
9517361252
9670848275
7081159289
8052841241
9721922787
8948125820
7398776090
6386302024
9336317193
7388351442
9580759792
9554557738
9648585068
9795425339
9161563310
8090642431
7703018905
9219242943
6393395505
9670678334
7081478146
6388441579
9721948635
9250891965
7317467592
7753063893
6386267753
9115321942
7054293489
9918281520
8816920877
7080438833
8318964596
9721860290
9580294184
6388441579
7317466204
8052155759
9721486642
7379614791
9161579211
8052373379
9721547664
8934009814
9120393681
7317486912
7317043391
9511448337
8601731768
7706979583
9721789762
9919873620
8052949013
9839479537
7236947203
7876906928
9696445722
9721296473
9005906766
9839118378
7704085365
9839846687
9696205804
9455569428
7317067647
7317466961
9369896500
9569163012
7068121266
8052508776
9721943107
9721550279
9721491206
9721588912
9721995146
9721731289
8429152895
7317447934
9151417118
7084324921
9794860227
7317209574
9214113654
7704802734
7317291413
6387317639
7905475252
9580721840
7651896736
9335176532
9250802456
6388420457
9336153321
8543095871
7307343942
6280130541
9664416593
8957812109
8005328401
9559835972
7054262296
9118338554
7307789616
8005425442
7355974029
6394735018
6393740040
9335176532
6392176807
6307531605
8005400559
8188890173
8115465480
8318632361
8090561809
7518550624
9452529859
6393740040
8808457873
8127921820
7607548071
9793734446
9118114775
7275205593
7394958269
9219671017
8756482134
8901948104
7897103139
7905032962
7897800639
7398234936
8115829729
9935038912
8303845036
8799310425
8090025735
8081740314
9118491753
6394444658
9336317470
7451843825
9277302802
7068702844
7307681102
8808794354
9005843650
7525942012
8090117482
9129447482
9125462849
9026690851
8960379658
6307791753
9473661160
8471038231
6387865289
9569153212
8795924252
9125428990
9198629378
9219539871
8543906167
7011051984
9821168328
9696188583
9369253484
7080869727
8960285108
9026842113
8577094796
9118057011
8172853280
7054972800
7379246254
9795718549
9336735241
9695990415
7307851962
6306681788
8273503079
9696669125
9984784915
9453158453
9453784076
9455621459
7897531260
9795672680
9795864880
9354567268
7238942432
7754814062
7232939547
9795831027
8887966266
6393696081
7380379863
9956539380
9208679415
7084854159
7897750472
7897321481
9956539585
9795689676
9936572776
9198680174
8756196082
8528570114
9793464930
9889801870
7522018094
8129857078
9250413264
9497658912
9746910213
8590096023
9995223855
6388684707
8853984852
9235987081
8318153385 
9307727935
9580133593
9889801870
9369166596
8470912617
9453421320
7084619674
7982617381
8353927329
9151739464
7521014795
9569955390
7703042932
8429375355
9651439553
8756576338
8317087730
7310405198
7081457714
8400428020
8299731413
7348145771
7985637104
9305367834
7071761363
8081270913
9795145771
9118166994
9695875801
9129930294
8726596027
9305877364
9936654760
8417961246
8468074359
7054658895
8081229946
9026375801
9140435609
7268909782
8429800718
7268914522
9140415891
9305837879
7236980167
6394536354
9236706600
7617090251
809041411
9450560434
9519606187
9026638767
8953428072
9118731826
7390856655
9264971012
9984251124
9889244236
9250639546
8795697725
6306647989
7232966508
9506172805
8957604338
9115041927
8924054431
7706995193
7307701594
9956011765
7052624008
8423800718
9214022886
6394528613
9278000718
8840005600
6391073458
8052885673
9129093513
8009246801
9565016469
8756132484
7607757150
9250344894
7080118274
9026997446
9278044288
8114016035
8127936641
8887876019
9452679474
7310320282
8858120282
8400441832
9219955867
8756473754
7897643984
9214304165
7084675065
9026369065
7523920901
7570929272
6394339859
6393944526
9236238925
8081455679
9653047487
7522018094
8429239130
9452693645
7233848931
7052983958
9919354073
8318644890
7310112461
7800671395
9214332158
9335388735
9721265884
8960276205
8303871910
9532769022
8172853280
7897731956
8009954139
8853581600
8953255767
9214099416
9236322618
9335147615
9511121057
7839147015
7081094796
7897750737
8114015629
6392234936
8527208294
9319641052
7607611764
7080868789
8081638220
9005122217
9651016641
9219905856
7651815650
8303606630
7379766641
7054972800
9721265884
8960276205
8303871910
9532769022
8467813858
6386072540
9984014828
8400046751
8052892423
7054465476
7524888544
7379558009
9918048724
6392041544
7080412030
8881773754
9721675693
8318342614
6306569711
9696217984
9919193676
8354968960
8881450067
9721724222
9559169369
9721501474
9125374409
7985872423
7800545616
6306101825
8400713267
9519943984
7839058255
8052016517
7524888420
9161245746
9695176825
9236014926
9792104022
8957971339
8081600438
9580761557
9250675665
9082624928
7307171351
8610339812
9554059087
9670507872
9919691487
9554543611
8528320695
9119614137
8009938446
8052573438
9336646855
7054178125
9235065075
9517461201
9918598921
9335632493
8795050108
9569947793
8429352597
7388589474
6388892946
6393199834
7800393672
9695086123
8960912742
8429416595
9278298816
933507941
9918248420
9984839642
9621965293
6390115413
7347854363
9170105445
9235473451
8739019159
9555692418
8922868960
7880737952
7289031859
9696532176
9569431129
8009046893
9125138779
9235595700
8687446803
8887824908
9721552319
9250707975
7388940634
9450277385
7523074140
9161579211
8851968138
7018897033
9956241041
8175922769
8318261743
9670909518
8112919071
8957772182
9336523599
6388541354
9569642213
9118534095
8009460740
8429337880
8933065012
8468046312
8303917569
8127467177
8429350783
7267843759
9236105479
8858896767
8303031641
9120440220
9984477140
8188858352
8960356634
7880419415
9369710231
9721039937
7275464708
9044649701
9519049422
8081786521
8708584746
9839489156
7275449324
9569978881
7393888611
9026528467
8052146742
9794057815
9044026905
8052519761
8219394651
9580941701
9454647254
9651952481
9580465212
9721467439
6388479460
9919187264
9554033748
8858737190
7068629267
9793421284
8960858133

